$ 1 5.0E-6 1.500424758475255 50 5.0 50
w 1120 192 1104 192 0
w 1152 352 1104 352 0
w 1104 416 1184 416 0
w 1088 416 1104 416 0
w 1104 320 1120 320 0
w 1136 400 1184 400 0
w 1136 336 1136 400 0
w 1136 336 1184 336 0
w 1136 272 1136 336 0
w 1136 272 1184 272 0
w 1136 208 1136 272 0
w 1184 208 1136 208 0
M 1280 400 1328 400 0 2.5
M 1280 336 1328 336 0 2.5
M 1280 272 1328 272 0 2.5
M 1280 208 1328 208 0 2.5
I 1104 352 1104 416 0 0.5
I 1104 192 1104 320 0 0.5
w 1088 288 1088 416 0
w 1184 288 1088 288 0
w 1152 352 1184 352 0
w 1152 224 1152 352 0
w 1184 224 1152 224 0
w 1120 384 1184 384 0
w 1120 320 1120 384 0
w 1184 320 1120 320 0
w 1120 256 1184 256 0
w 1120 192 1120 256 0
w 1184 192 1120 192 0
150 1184 400 1280 400 0 3 0.0
150 1184 336 1280 336 0 3 0.0
150 1184 272 1280 272 0 3 0.0
150 1184 208 1280 208 0 3 0.0
w 1104 192 1040 192 0
w 1088 288 1040 288 0
w 1136 208 1136 160 0
w 1136 160 1040 160 0
