$ 0 5.0E-6 1.0312258501325766 50 5.0 50
151 576 304 672 304 0 2 0.0
152 576 384 672 384 0 2 0.0
I 496 288 576 288 0 0.5
I 496 320 576 320 0 0.5
L 464 288 384 288 0 0 false 5.0 0.0
w 496 288 464 288 0
w 496 320 464 320 0
L 464 320 384 320 0 0 false 5.0 0.0
w 576 368 496 368 0
w 496 368 496 288 0
w 576 400 464 400 0
w 464 400 464 320 0
w 672 304 704 304 0
w 672 384 704 384 0
153 576 496 656 496 0 2 0.0
150 576 576 656 576 0 2 0.0
w 464 592 464 512 0
w 576 592 464 592 0
w 496 560 496 480 0
w 576 560 496 560 0
L 464 512 384 512 0 0 false 5.0 0.0
w 496 512 464 512 0
w 496 480 464 480 0
L 464 480 384 480 0 0 false 5.0 0.0
I 496 512 576 512 0 0.5
I 496 480 576 480 0 0.5
w 656 496 704 496 0
w 656 576 704 576 0
